19889755
22397938
21689697
21830071
25991544
28726602
24523463
21782355
22274825
33647063
26593963
24833218
19403754
23161398
24187014
25414487
21665386
18397506
34915090
32013802
22158846
33526282
23631926
22205789
20827771
24666405
22590657
24661865
23305886
28328987
24418566
22190012
9223253
27754468
36423115
21937642
26520931
19774688
34960753
29237841
20069399
21915339
10555276
24386322
11504416
25796398
24482291
23624201
18446239
20419826
19382268
10196339
31855537
24295740
29707546
25337915
19153225
30856485
11418972
18479961
15569801
21611129
23152367
19107963
25762309
23886503
25822666
22769058
28617968
27448206
29496429
17475419
27074336
19225714
24210114
19322714
30761909
22507639
36298650
12482653
22303490
24820342
18420927
19402767
17628358
24306325
25537951
23675493
29657837
19490967
21858463
22337295
25087877
27154330
19800842
22337294
21367634
20129962
20090919
20336730
32205180
17283629
21629729
33165867
23072283
26519580
32725912
29326949
19631763
23586655
21056065
18632129
23028605
25278519
22358354
21503903
21829605
26177382
22608840
23408635
24875137
20931249
25213209
35966706
22709552
19794035
23871776
22445262
23025694
22410133
22877519
22959604
21354224
25453332
19896684
21849519
21976652
21703365
25118428
22944218
24026673
22716217
23646177
26780643
25667323
22871332
21795113
25979610
24332411
25343372
30895523
21047959
21163739
21668680
20113566
20834106
20810843
34153730
29730762
25066884
24119298
30570771
26004251
27163636
25286177
33675515
24742949
25747109
34383835
23553458
27260536
24583230
31981229
25555001
29680507
28527341
28575104
28451900
29106925
36560807
29940028
28777951
27908796
35074658
28267888
36298778
29864502
31357479
33939805
32900393
33375530
31259469
35593639
34803982
18325268
18374605
12958304
18507755
23079380
16757620
21696601
17506609
28472081
23928222
12913363
20545965
9774595
21296172
23043389
30576055
31323763
14698659
9886206
17854042
19228286
20335494
10568769
22673320
16525733
20148301
12018705
12803472
14609476
15569798
15004102
15872254
15845261
16404997
17900851
21123388
16186232
16121371
28753662
16497393
16571821
16378999
16757625
16847131
17176571
11402867
10873755
11172090
11326031
11992592
12938197
12938207
11155360
17949764
25431170
30577623
26995219
11390117
12224579
17953094
17407988
15763144
35323184
28651078
29476813
20028437
17457923
19264596
17586061
11682524
12209310
12606083
11602776
16927280
20600394
15747051
17516519
16186241
17115303
17370108
15858032
7831963
17056146
11724271
31697321
20739542
17659850
18400327
18570969
29052058
16757596
16982209
16982159
18297718
8627254
35203110
27267305
16528038
21601999
20631128
16840356
26401714
23804569
18421377
23648427
19753102
22377378
25510721
21801630
19788833
25695188
20810845
24505105
22515983
26383952
28630747
19041349
18207274
16328135
18602020
10074558
10488194
15731274
16957044
15106107
17683527
25053561
11971782
17172380
15183052
28218261
18674640
36680235
29795585
30024910
34204910
25898901
22278828
26610546
26921797
36199029
30504003
21529387
26679574
25491420
20610710
23100368
25395627
22345477
19906902
21465087
24285662
24986085
22397930
25477400
28141497
25679389
20592112
18512001
24558222
21289119
19631956
26798091
19535518
19710143
21689826
30511209
28740410
24948755
28939977
25188437
25719412
19605587
19009341
25740285
6634412
2769232
25524164
23015713
16716762
35080263
34931940
23785205
27384661
18649333
19088271
29436340
25395636
33542337
25562122
17516538
21827799
21181934
21225209
23352888
17510274
21858030
30813271
26407292
25501310
24179117
23516646
20202456
18592101
18814260
16439620
8774693
22033596
23080508
26517658
17126417
21749800
23071582
20609453
22187101
24623427
28904959
22448271
21255687
22579479
28854225
17314359
23433340
22528640
25467218
34293482
22012725
25471713
19331732
18417484
26378174
20624314
25889358
16581139
16713335
18171343
19950229
20723564
21677090
12202200
22607717
27016769
24348152
20507750
21867526
27815697
21059233
24861814
25886886
20420864
28482184
19439554
20513095
20401500
20335066
19697417
20382557
25714082
27476607
20004146
21313839
21442233
23259834
19823677
21228541
24327091
28108804
28398876
28181035
21138380
31344111
21908353
24667283
23517375
27116353
18178521
20209338
18649326
17596802
25223919
23055565
23751399
19660427
25331342
22349147
20133185
18840734
19063998
22239820
25975978
28700085
24725448
25785515
23055928
20207192
22956907
18065620
19893979
22241115
19838293
21483671
24862186
19559104
18098155
21777083
22492162
20609456
25239525
33179584
20361122
19818679
21503926
28606817
30550489
35632640
20507754
20405017
21720732
22715400
21225198
20570062
27074255
28856421
18392770
20645866
24394697
33459882
21040941
24264385
22459737
22886182
20572088
17705167
17953103
24216489
26220480
21123543
23264105
18157407
20166186
20089803
24747965
25127366
19627608
22469070
19193281
20507756
21412786
21782357
25122004
23877647
34411742
20080272
26991274
26887251
23167493
21331286
18577614
20526786
20608535
22197423
22854125
28669036
22855773
21739455
25604458
21775076
23359323
29217383
24998462
21795474
25495746
22908032
24642137
21798297
21470472
24197790
22872050
23200438
31576974
29601843
29565808
29931397
23855930
19747995
29128758
21080203
22189432
34673119
22531181
19395308
21129863
22820073
25963945
23421733
20804786
22960088
24758129
24188273
21947565
24031389
22280882
33672226
26689791
25329399
26385461
26538419
27061406
23871166
21353404
25735305
27783693
21796399
23761408
25813599
23894453
27818122
21142971
31017727
24278489
24123103
25771408
33420639
26545848
25678450
25275004
21763785
21917289
24259191
26868014
20105295
23538335
30149028
26576342
21040570
26196759
21894383
24740088
36992373
22225424
23942341
24565559
25293399
33462673
30365233
30624790
30944402
33044150
22930515
25252815
21442231
22362531
25109547
23917360
28284244
27388209
24564922
24050144
23408127
27473780
24647552
33971579
23412839
23589704
32403984
22579295
22247521
23092706
33331517
23740058
22312995
22670858
31146371
33066782
30680753
22850966
23936406
23100478
23147152
22000396
20676363
26362524
23875051
22000394
26861619
31608957
33070446
24735072
23404478
25294661
23152556
31215861
24662138
25817238
22362537
25152089
24626302
26426773
24978469
22216365
23127562
29885325
26758732
23761160
22398035
26841048
27316672
26823583
27862014
30540031
24238665
36558890
24141954
31746475
28486490
30231194
30105563
23828618
23504146
23886502
24164638
23293164
23189200
26583465
29428874
26986573
30399502
27658621
25171964
25420101
26812352
32186498
31539795
26040701
30909631
35779208
25499297
30597964
25796358
26887252
26466923
31997262
25059864
24136444
23970830
24587454
24280146
23766702
30017847
29890240
27083572
28856449
24855935
27599939
29596389
24244615
30666923
26517653
26200961
25141284
25274744
33774730
32404030
30553201
24867614
29687958
35688413
27342195
31355150
27223654
30304533
26314230
28639212
28626754
30970051
35781557
33807396
25050760
24362793
31362357
27267473
31411312
30011046
28328941
27069820
28472930
35478312
30120342
25523775
34372586
26784852
25976325
30133818
29855763
30669683
27508385
34972839
33047159
26607884
31429939
29700140
27933493
27120007
30424530
33288147
28918235
27019095
33095410
32992989
29554365
26553342
32123282
26941134
26897108
31277987
31791261
31627274
29595382
27983496
28628464
28538727
32375411
28591309
30832587
31178835
35349125
26646894
27071531
27448188
27555980
26401719
35347588
31144002
30292963
34236767
32927082
26862926
27706161
27555311
26061233
31739623
29996902
29236779
28300648
31067759
30218293
30397237
30897727
30859474
27964971
27169536
36298655
26347296
26398783
27888408
30348511
30249971
29695421
29100932
31063475
30552880
36851667
31794796
32165242
29885804
28538734
28388922
28930027
28735673
31618377
32839906
31914137
35400086
35215188
27341420
30097743
32035977
31683566
30476788
29959319
30405055
30199325
29150772
32638274
33295141
31563979
32942623
34067873
32472289
30473345
36680123
28004252
27804021
29427798
32964811
32766829
31880218
32079143
30866775
32780745
29864115
30218577
30182863
30729309
29469689
29119697
30375482
29947712
29912687
28591405
30723465
31103052
31892699
31237479
34318441
34985601
32759878
31817553
31906098
30758394
31817103
29322653
31310221
34174341
32044285
32428189
29869032
30673423
35922804
31166480
30278075
30776139
37104362
32658680
30318735
30672980
30892375
33694004
35905118
33087438
34115330
32578012
32009301
35195198
32605014
31038274
35394611
35217986
30771273
35891521
32604785
33681933
31038550
34455800
35621811
33483894
34922305
35101636
34333135
33948876
32163449
33714813
36323046
36608155
36298656
17325370
16583154
16051848
17582910
12376973
33090087
26517666
12664294
16817033
18217564
16455922
21307212
17698162
16767319
18502682
18420172
18036224
20944991
21739039
21073730
22538208
18288443
15665987
21967749
20619493
15564741
18998047
22012717
29912685
27393975
12970418
23714239
17607790
19319957
18436397
17822796
18098149
18020965
18584884
23546971
21893117
21109347
19475610
19738346
19848072
19828266
17570049
10604245
10694165
22174836
23409973
20585651
19624947
19413907
20163804
12089297
15230469
15003633
15258982
15695666
12603984
11752719
15218187
15550772
15557237
15611288
16191694
16302112
16213615
17624390
29843810
16485483
17275932
16968926
17287326
18251400
16943348
18251411
17671837
15654477
17370543
18041025
18248758
19115976
17556635
17385069
17350886
18403136
17622637
17703414
17658293
19889924
10548292
11556705
10823754
11080491
11311426
9810617
14582748
11241461
28753979
24466079
24865799
21122250
22766449
16387381
19715428
10534737
11451484
15964966
15977228
15663849
19001829
19103306
19193295
17705031
17553235
18796727
19439468
35238330
16227239
18805029
17680325
16082111
18941881
18057829
20018256
23382036
23405322
24699949
15528863
12113496
21473884
20116328
20551913
23638063
24475112
23028722
21632560
10466985
21301181
18983685
17376554
17889396
17651213
20637811
11230448
11748654
12482662
12751316
7581041
11326034
8580863
8886095
19442690
12185377
12243274
15286818
15613313
11747745
16081952
16372291
16911689
31819139
12417956
27173789
24327096
20391334
18394292
16835701
19185599
12637081
15297743
16599183
17085890
16773238
17675798
19701711
20403387
20926638
24055656
16421634
16372288
16965697
16701914
17038699
16710960
15558184
16887200
17374895
17306323
15863275
34579852
36332674
19280321
20405151
21486472
35045387
34232058
35729863
36573734
35301569
35906453
34696408
36298867
36197069
35992690
35896051
36992466
36441804
36146740
36749535
37031687
37088362
15380362
20739489
9725667
3369945
3214273
2762132
24209884
20826698
2705299
22133916
22856199
24388633
26992832
16963130
23175789
18815724
26450716
15200862
20861344
21739442
19179022
21092282
18680586
19558648
25602438
25342685
34073836
21691853
20350395
28660781
25272189
23844948
24045108
24268071
30054993
26345598
33291219
27296722
27257210
26611910
30334729
25472899
33238057
33429927
31244483
29360401
30297290
32605754
15479837
19774690
19107972
16563664
11676423
14513715
19116256
19587034
20105216
12417953
12417947
11714961
17394643
11411649
17947536
20810724
25480750
19034606
22886279
29357361
36327129
25934793
22843858
20836894
19874927
21325481
22825698
27081129
25405805
30157270
35697300
19619216
20810837
18764951
18931062
21941645
21645647
20872715
22802436
26186516
22200894
20151164
21284514
24950886
29472617
29016603
26497287
26038461
25989901
31892101
28063923
25462190
27936462
27799634
27654297
27430542
27103712
27622803
27089253
27654889
34199978
28538739
27497951
28714178
32580028
30890183
32366040
21827873
16143418
20951841
23092209
19846674
18041024
17063510
28302072
16404989
21745373
12237430
17643540
18287242
15962560
15780865
10233934
33400833
36239235
36146754
31594511
26967127
20671086
27139442
26575627
26047200
32704383
31420970
26982168
12124470
15613340
12417958
18569145
11596077
12832629
17706379
16282468
29120297
22902191
25081977
22622433
29893199
25091743
12074699
21254883
16740188
23078671
26889031
24223733
22795824
25978398
25742179
21328392
23648224
27309627
23333774
36114628
22074932
22304939
28439708
28284595
24719197
25839842
25220618
27533717
31442400
19280320
18712847
17334949
17885307
23810983
15882536
7694966
11360240
23196361
23637906
22879619
23593364
25601996
28222127
28030537
31228725
20631132
15284482
25962774
19891873
21949892
16704813
29284754
19131083
21911020
23607273
27395565
22036040
28318380
23874443
35809695
26355096
23850438
28982578
28232448
29805214
35694887
35003681
36851419
20869988
19185597
18063164
14718630
17553272
19763776
24027303
15254209
19478273
29869599
30482266
23133685
18077111
19058647
21234665
22427902
25952569
22076162
26893429
23239573
22371588
23610427
32304664
24788792
25080103
27660213
29753103
27088323
27767914
33158200
12569419
31807318
22178263
19751583
22232444
28098525
30005085
27002608
27111294
31382049
28480053
28572304
31048381
27767924
27799635
29167251
30124422
29746539
27694479
15634958
9055855
11595592
9032328
10400762
10196312
9032391
20519409
22855770
31830128
27748649
17124003
12620805
18939638
24035793
22467180
27294949
24845060
31935831
20350376
23937713
8757992
9498610
10074191
31779121
34452520
22469569
20166189
16891526
22377271
23524137
20549264
21172021
21976584
23732928
25075517
20668694
16333110
17963942
21978162
21982818
22821201
20507759
20003526
18625078
24418533
22361160
19281433
31126244
22504803
27590812
19559115
30158915
30017997
21713437
26728078
26159533
22490106
19141845
19649762
22407405
23118463
23166255
22737076
26868915
32458789
36041394
26067947
28155192
28912331
23141421
20379749
23760463
23770910
22856183
26935913
30412047
20370430
22411100
28819692
20069401
24925324
29373744
32592870
23364191
23796788
24896819
24243548
27693926
22921315
19465683
20226730
22829764
23369604
22892200
29549442
23409252
25316850
21291607
27034495
23469347
30905775
29426993
23887919
30848076
29039732
23209653
22971746
24114732
25004279
25279722
29243063
27834200
27357720
30238313
26416113
25953170
26769933
26488312
25568757
27088574
27154756
27347760
29761765
31387277
29508903
29747416
30941894
30126057
36993386
31537472
30049969
32721589
30976951
30844508
34606685
32121499
33944623
33969160
36288192
11324749
20648606
17164552
28792071
12210427
17072988
23166671
19226401
20347896
14720402
15324558
15663867
16229779
16494762
17382567
10989186
11785879
11504546
21409444
16303200
15814985
27000701
22966186
12958276
33049307
25889995
12771427
15896854
15516647
15896399
16096709
16672396
10196246
7483266
35219760
36272541
36365034
20657344
23092588
22647702
22016794
20592079
24849288
22487061
33326875
26643533
27443522
18562593
16597885
18436323
19564908
32300929
24916442
23677594
1402807
9281500
10438823
15542634
20715930
12664301
28418305
22696648
28980711
24043818
26230260
25093674
23116216
28986247
26252655
28923509
26304915
26834200
29936542
31434319
27139219
22216187
26280877
17050607
28885138
18463781
20213281
18692099
23932334
25169054
21450836
25075468
25328558
26342807
22269392
29039734
23780670
23182909
30067840
30910532
19961679
17720620
18981504
17617845
16254962
26903607
19046445
17014880
18570968
21209105
20687859
29016330
17360860
19766284
27621441
11971776
15200823
19079600
25002298
28287142
24655897
20202445
25244984
26784331
30351478
19679215
27076657
29074655
29519825
22135263
22468136
23515021
28855097
24421116
26011186
25505295
24447689
26243695
23034595
31002476
24130481
26227592
26610576
24744325
30714035
26301572
29519822
29607368
33397804
33562073
35227878
32678844
11384226
19439542
20702659
12850913
12967489
16549790
20735933
22218966
20545910
14718617
15604437
10432063
18759638
17449127
20600330
17869366
19656970
22258862
22339201
20172576
22282335
25099344
31194901
26196378
29221887
18385366
16528021
11779399
6927853
572297
2471975
15890902
26334134
28194013
18760017
19922637
16987563
19095085
29633690
23297117
25365348
26100402
22036731
23318595
22718569
22545555
28705717
22983300
25479596
20931251
24378037
25445648
29299861
29907902
25650154
26267835
26456918
27449600
26280526
25342674
35215862
34184171
26597189
31745717
29291999
32674420
31456086
33902462
30186532
32592500
31302664
31502682
32081777
15480858
15462287
10989690
31650465
10921972
12890326
23339897
21465084
17531408
22014372
18594941
36146848
25940191
23347969
18216098
10463688
21179440
25908124
22172205
20055578
23110744
21087501
22995142
21915873
24895404
28320411
22197765
22984519
20418428
22238433
22585718
29799873
31865350
29718127
28450510
15084402
12867638
19028907
16701967
16485478
10612673
15246651
10752559
11714970
20872708
20097824
